4294967278,447
4294967279,197
4294967278,189
4294967279,189
4294967278,188
2895,6
2895,5
2895,4
4294967279,187
2895,3
2895,2
2895,1
4294967294,1016
4294967278,177
2894,6
2894,5
4294967278,176
2894,4
2894,3
2894,2
2894,1
4294967279,283
4294967279,169
4294967279,160
4294967278,446
4294967294,494
4294967294,190
2888,6
2888,5
2888,4
2888,3
2888,2
2888,1
4294967279,331
4294967279,244
4294967278,350
4294967278,406
2885,7
4294967278,445
4294967278,366
2885,6
2885,5
2885,4
2885,3
2885,2
2885,1
4294967279,88
4294967294,178
4294967294,414
4294967294,406
2882,5
2882,4
2882,3
2882,2
2882,1
2880,4
2880,3
2880,2
2880,1
2879,6
2879,5
4294967278,187
2879,4
2879,3
2879,2
2879,1
4294967279,186
2878,5
2878,4
2878,3
2878,2
2878,1
4294967279,269
2877,5
2877,4
2877,3
2877,2
2877,1
2876,5
2876,4
2876,3
2876,2
2876,1
4294967278,439
2874,4
2874,3
2874,2
2874,1
4294967294,395
4294967294,467
4294967294,164
4294967294,108
4294967294,120
4294967279,252
855,1
4294967278,342
4294967278,411
4294967279,251
4294967279,67
4294967279,54
4294967279,28
4294967279,26
4294967279,259
4294967278,438
4294967278,279
4294967278,343
2873,6
2873,5
2873,4
2873,2
2873,1
4294967279,298
2872,6
2872,5
2872,4
2872,2
2872,1
4294967279,296
4294967278,335
4294967278,404
4294967278,224
4294967279,215
4294967278,403
4294967279,379
4294967278,327
4294967278,200
4294967278,436
4294967279,194
4294967278,190
2866,6
2866,5
2866,4
2866,3
2866,2
2866,1
4294967279,378
4294967278,184
4294967279,184
4294967279,183
4294967279,181
4294967279,177
4294967278,432
4294967279,170
2863,7
4294967278,407
2863,6
2863,5
2863,4
2863,2
2863,1
4294967279,220
4294967279,154
4294967279,246
4294967279,144
2860,5
2860,4
2860,3
2860,2
2860,1
2858,4
2858,3
2858,2
2858,1
2857,6
4294967278,431
4294967278,430
2857,5
2857,4
2857,3
2857,2
2857,1
2856,5
4294967279,545
2856,4
2856,3
2856,2
2856,1
2855,5
2855,4
2855,3
2855,2
2855,1
4294967278,412
2854,5
2854,4
2854,3
2854,2
2854,1
2852,4
2852,3
2852,2
2852,1
4294967279,218
4294967279,216
4294967278,88
4294967279,337
4294967279,47
4294967279,25
4294967278,2
4294967279,375
2851,6
2851,5
2851,4
2851,2
2851,1
4294967279,173
2850,6
2850,5
2850,4
2850,2
2850,1
4294967278,339
4294967279,150
4294967279,145
4294967294,162
4294967279,141
4294967279,140
4294967278,138
4294967279,262
2844,6
2844,5
2844,4
2844,3
2844,2
2844,1
4294967279,275
4294967279,372
4294967279,541
2841,7
2841,6
2841,5
2841,4
2841,2
2841,1
4294967278,296
4294967278,333
4294967294,1015
2838,5
2838,4
2838,3
2838,2
2838,1
4294967294,175
2836,4
2836,3
2836,2
2836,1
4294967294,114
2835,6
2835,5
2835,4
2835,3
2835,2
2835,1
2834,5
2834,4
2834,3
2834,2
2834,1
2833,5
2833,4
2833,3
2833,2
2833,1
2832,5
4294967278,316
2832,4
2832,3
2832,2
2832,1
4294967278,299
2830,4
2830,3
2830,2
2830,1
4294967294,460
4294967278,398
4294967279,23
4294967279,362
4294967279,371
4294967278,415
4294967279,257
2829,6
2829,5
2829,4
2829,2
2829,1
4294967279,381
4294967278,424
2828,6
2828,5
2828,4
2828,2
2828,1
4294967279,370
4294967279,233
4294967278,236
4294967278,402
4294967294,493
2822,6
2822,5
2822,4
2822,3
2822,2
2822,1
4294967279,368
4294967294,492
4294967278,409
4294967278,166
2819,7
2819,6
2819,5
2819,4
2819,2
2819,1
4294967279,367
4294967294,396
4294967294,160
2816,5
2816,4
2816,3
2816,2
2816,1
2814,4
2814,3
2814,2
2814,1
4294967278,297
2813,6
2813,5
2813,4
2813,3
2813,2
2813,1
2812,5
2812,4
2812,3
2812,2
2812,1
4294967278,271
2811,5
2811,4
2811,3
2811,2
2811,1
4294967294,1176
4294967294,1423
4294967294,491
2810,5
2810,4
2810,3
2810,2
2810,1
4294967279,301
4294967278,218
2808,4
2808,3
2808,2
2808,1
4294967278,401
4294967279,342
4294967294,486
4294967294,1424
4294967294,38
4294967294,36
4294967294,39
4294967294,437
4294967294,68
4294967294,11
4294967278,132
4294967278,131
4294967278,130
4294967278,129
4294967278,128
4294967278,127
4294967278,125
4294967278,124
4294967278,123
4294967278,122
4294967278,121
4294967278,120
4294967278,119
4294967278,118
4294967278,117
4294967278,116
4294967278,113
4294967278,111
4294967278,110
4294967278,109
4294967278,108
4294967278,107
4294967278,106
4294967278,105
4294967278,104
4294967278,102
4294967278,99
4294967278,97
4294967278,96
4294967278,94
4294967278,93
4294967278,87
4294967278,85
4294967278,83
4294967278,80
4294967278,79
4294967278,77
4294967278,73
4294967278,71
4294967278,69
4294967278,68
4294967278,67
4294967278,66
4294967278,63
4294967279,77
4294967279,72
4294967279,68
4294967279,63
4294967279,56
4294967279,53
4294967279,50
4294967279,33
4294967279,32
4294967279,30
4294967279,27
4294967279,18
4294967279,16
4294967279,13
4294967279,9
4294967279,7
4294967279,366
4294967279,80
4294967278,78
4294967278,330
4294967279,365
4294967294,409
4294967294,413
4294967294,1005
4294967294,168
4294967294,384
4294967294,386
4294967294,464
4294967294,412
2807,6
2807,5
2807,4
2807,2
2807,1
4294967278,260
4294967279,61
4294967279,364
2806,6
2806,5
2806,4
2806,2
2806,1
4294967294,1002
4294967279,361
4294967294,490
4294967278,133
4294967294,1172
4294967279,357
4294967279,258
2800,6
2800,5
2800,4
2800,3
2800,2
2800,1
4294967278,382
4294967279,540
4294967279,356
4294967279,355
4294967279,243
4294967278,244
2797,7
4294967279,238
2797,6
2797,5
2797,4
2797,2
2797,1
4294967279,217
4294967278,321
2794,5
2794,4
2794,3
2794,2
2794,1
4294967279,192
2792,4
2792,3
2792,2
2792,1
4294967279,350
2791,6
4294967294,489
4294967279,349
2791,5
4294967279,182
2791,4
2791,3
2791,2
2791,1
4294967294,404
4294967278,303
2790,5
2790,4
2790,3
2790,2
2790,1
4294967279,348
4294967279,319
2789,5
2789,4
2789,3
2789,2
2789,1
2788,5
2788,4
2788,3
2788,2
2788,1
4294967294,1095
4294967278,380
2786,4
2786,3
2786,2
2786,1
4294967294,996
4294967294,1011
4294967278,126
4294967279,11
4294967279,344
4294967279,343
2785,6
2785,5
4294967278,258
2785,4
2785,2
2785,1
4294967278,257
4294967278,348
2784,6
2784,5
2784,4
2784,2
2784,1
4294967278,413
4294967278,242
4294967279,340
4294967279,229
4294967278,232
4294967278,226
4294967278,216
4294967278,209
4294967294,393
4294967294,389
4294967294,390
4294967294,115
4294967294,473
4294967279,202
2778,6
2778,5
2778,4
2778,3
2778,2
2778,1
4294967279,339
4294967278,347
4294967278,0
2775,7
4294967279,338
2775,6
2775,5
2775,4
2775,2
2775,1
4294967278,277
2772,5
2772,4
2772,3
2772,2
2772,1
4294967278,270
2770,4
2770,3
2770,2
2770,1
4294967294,76
2769,6
4294967294,458
4294967294,454
4294967294,462
4294967278,310
2769,5
2769,4
2769,3
2769,2
2769,1
4294967279,230
2768,5
2768,4
2768,3
2768,2
2768,1
4294967294,472
2767,5
2767,4
2767,3
2767,2
2767,1
4294967279,239
2766,5
2766,4
2766,3
2766,2
2766,1
4294967294,89
4294967294,1012
4294967294,471
2764,4
2764,3
2764,2
2764,1
4294967279,555
4294967279,268
4294967294,470
4294967278,100
4294967278,98
4294967278,95
4294967278,92
4294967278,76
4294967278,75
4294967278,64
4294967279,75
4294967279,48
4294967279,42
4294967279,24
4294967279,8
4294967279,5
4294967278,65
4294967294,400
2763,6
2763,5
2763,4
2763,2
2763,1
4294967279,354
2762,6
2762,5
2762,4
2762,2
2762,1
4294967278,259
4294967279,52
4294967279,376
4294967279,336
4294967279,39
4294967279,234
4294967278,145
4294967278,136
4294967294,185
4294967279,232
4294967278,352
4294967278,261
2756,6
2756,5
2756,4
2756,3
2756,2
2756,1
4294967279,360
4294967279,0
4294967279,543
4294967294,1000
4294967294,1001
4294967294,186
4294967294,45
4294967294,44
4294967294,41
4294967278,396
4294967294,388
4294967294,424
2753,7
4294967278,115
4294967278,354
4294967278,114
4294967294,42
4294967294,1422
4294967278,112
4294967294,51
4294967294,82
4294967279,224
2753,6
2753,5
2753,4
2753,2
2753,1
4294967278,103
4294967279,313
4294967278,101
4294967279,213
4294967278,91
4294967279,199
2750,5
2750,4
2750,3
2750,2
2750,1
4294967279,190
2748,4
2748,3
2748,2
2748,1
4294967278,315
2747,6
4294967279,70
2747,5
2747,4
4294967278,179
2747,3
2747,2
2747,1
4294967294,407
4294967294,403
4294967294,112
4294967294,459
4294967294,469
4294967279,551
2746,5
4294967278,173
2746,4
2746,3
2746,2
2746,1
4294967278,391
4294967294,52
4294967294,92
4294967294,90
4294967294,87
4294967294,86
4294967294,84
4294967278,165
2745,5
2745,4
2745,3
2745,2
2745,1
4294967294,1
2744,5
4294967294,107
4294967278,399
2744,4
2744,3
2744,2
2744,1
4294967278,390
4294967294,1419
4294967279,352
4294967294,511
4294967294,99
2742,4
2742,3
2742,2
2742,1
4294967279,226
4294967278,288
4294967278,443
4294967278,223
4294967278,89
4294967278,86
4294967278,84
4294967278,74
4294967278,72
4294967278,70
4294967278,62
4294967279,228
4294967279,64
4294967279,45
4294967279,335
4294967278,385
4294967278,384
4294967279,546
2741,6
2741,5
2741,4
2741,2
2741,1
2740,6
2740,5
2740,4
2740,2
2740,1
4294967294,17
4294967279,235
4294967279,225
4294967278,235
